3.557707 1.100043 2.100117 11.910220
1.892843 3.945885 3.706798 5.565427
4.568718 1.347755 2.687687 17.239120
1.119189 1.874552 3.021421 0.415797
1.106144 1.795351 3.599538 0.035445
3.179766 1.881762 3.357063 0.003677
4.237722 1.025995 4.223277 11.613867
3.792558 2.361002 1.621918 13.445910
4.828852 2.346378 1.370983 19.288076
1.386866 4.389977 3.414904 4.865224
4.228513 3.918927 3.144912 0.245801
4.892463 2.514138 3.208163 11.841723
4.317619 3.474079 4.446828 16.981723
3.309409 3.818287 1.183298 7.896251
1.911593 2.157552 1.319168 7.480752
1.931164 1.404006 2.111894 7.664663
3.542738 2.459329 2.480724 0.117372
1.838028 2.067911 4.746618 7.074944
3.592142 3.436524 1.684555 0.859519
3.916507 1.653610 2.517822 11.919841
4.958093 3.559999 3.227799 5.202308
3.738457 4.371408 4.104000 2.883861
1.916192 1.128401 2.261812 7.018229
2.070964 1.843931 4.771639 7.497958
4.505471 2.258712 3.621755 11.901167
2.582528 4.658190 2.835407 1.026808
2.059521 1.986510 3.245473 0.055254
2.050966 3.338344 4.591292 7.910259
2.597602 1.877283 4.990150 10.382014
3.038105 1.363638 1.188466 6.378923
1.438597 3.509784 4.168317 4.238194
2.688640 1.254111 2.526477 10.752616
4.984486 3.116457 4.884314 18.782647
4.443119 1.045924 3.882887 14.272437
3.726841 3.147881 2.067301 0.186934
3.563847 1.446209 2.739061 11.992124
2.814895 4.815264 4.503412 10.997998
2.053556 3.002344 1.714608 2.374644
4.650511 4.482074 2.193779 17.838939
3.555798 3.435881 1.611357 1.892415
4.050043 3.157516 4.114506 0.721423
3.121415 1.002288 2.296624 10.411012
1.077907 4.716394 4.514888 3.808612
4.326662 2.230057 1.231701 16.640877
4.512038 4.787798 1.342614 0.094671
2.943962 1.276850 4.042409 3.331330
4.063338 1.513566 2.901130 10.693378
3.199214 2.060227 4.489732 12.699229
2.692552 1.847193 3.157184 0.539051
3.919724 1.804604 2.246865 12.631606
4.980597 3.599512 2.752400 18.785101
3.070303 1.484017 1.898789 11.962189
2.352342 3.353235 1.920459 0.057544
1.880870 1.283972 3.524412 4.461615
1.915767 4.621680 4.438542 4.187990
1.283429 1.952019 3.675911 0.955762
1.856947 1.529247 4.742057 1.610123
3.284172 2.890684 4.138478 1.159669
4.229988 1.761640 1.387723 14.947254
2.724205 2.694314 2.868099 4.761445
3.916303 3.693458 4.936661 1.440594
1.393671 2.610485 2.357210 0.023420
4.446690 1.994625 1.760836 17.182943
2.794454 2.687527 2.114181 0.980191
1.999226 4.693062 2.772523 0.389842
4.445396 3.201301 1.202353 15.647684
4.997130 4.344110 4.875985 16.890123
4.705468 4.394783 1.665244 4.608048
2.942565 1.854989 2.604161 5.190530
1.234542 2.515892 4.941235 0.022384
2.060812 4.136282 2.820033 1.565772
2.692030 4.829271 4.981691 2.821783
3.223073 3.873633 1.619187 0.000393
2.186831 4.874837 3.316721 8.291697
3.168781 3.991902 1.228661 5.126309
3.336710 3.011402 4.410880 1.641192
1.629731 4.843116 1.320446 0.020381
1.743300 3.380140 3.700850 0.005658
1.940816 1.479546 4.561149 0.412575
1.984861 3.378077 3.477526 1.258654
2.676900 3.334689 3.091131 8.751829
4.738825 1.817037 3.864767 2.473842
1.954744 2.583143 3.686761 7.799966
2.199988 2.264709 4.007458 8.534622
1.290172 2.833142 4.993818 2.608801
4.984386 1.293043 1.852617 17.289398
2.060802 4.733038 4.523457 7.565873
4.517081 2.478108 1.630987 14.648679
4.334980 3.814160 3.446711 1.417557
4.948932 3.615905 1.031292 18.136347
4.268417 2.197515 3.653555 10.021148
4.755720 1.537164 1.461715 15.463275
1.428144 3.212895 2.089393 0.259798
3.419319 3.870449 1.814389 1.785363
3.536952 2.055936 2.954127 0.154950
4.621346 4.384415 1.369194 0.360135
2.694303 2.106721 1.014183 8.277408
4.084477 3.548454 2.047821 3.641840
3.964924 3.206722 2.710748 13.827506
1.038679 1.300975 4.532426 0.153325
